Date,AAPL,AMZN,GOOG,MSFT
2022-01-03,179.48110961914062,170.4044952392578,145.07449340820312,328.12091064453125
2022-01-04,177.20323181152344,167.52200317382812,144.41650390625,322.4945373535156
2022-01-05,172.4896240234375,164.35699462890625,137.65350341796875,310.1146545410156
2022-01-06,169.61019897460938,163.25399780273438,137.55099487304688,307.6641845703125
2022-01-07,169.77784729003906,162.5540008544922,137.00450134277344,307.82098388671875
2022-01-10,169.79757690429688,161.48599243164062,138.57400512695312,308.04644775390625
2022-01-11,172.6474151611328,165.36199951171875,140.0175018310547,308.7424011230469
2022-01-12,173.09115600585938,165.20700073242188,141.6479949951172,311.9671936035156
2022-01-13,169.79757690429688,161.21400451660156,139.13099670410156,298.76397705078125
2022-01-14,170.66534423828125,162.13800048828125,139.7864990234375,304.0570983886719
2022-01-18,167.4407501220703,158.91749572753906,136.29049682617188,296.6565246582031
2022-01-19,163.9203643798828,156.2989959716797,135.65199279785156,297.3230895996094
2022-01-20,162.22425842285156,151.66749572753906,133.50650024414062,295.6273193359375
2022-01-21,160.1534423828125,142.64300537109375,130.0919952392578,290.1676330566406
2022-01-24,159.3744354248047,144.54400634765625,130.3719940185547,290.5009460449219
2022-01-25,157.55999755859375,139.98599243164062,126.7354965209961,282.7769775390625
2022-01-26,157.4712371826172,138.87249755859375,129.24000549316406,290.83416748046875
2022-01-27,157.0077667236328,139.6374969482422,129.12100219726562,293.9022216796875
2022-01-28,167.96340942382812,143.97799682617188,133.2895050048828,302.1554870605469
2022-01-31,172.35159301757812,149.57350158691406,135.69850158691406,304.8216552734375
2022-02-01,172.18394470214844,151.19349670410156,137.8784942626953,302.64556884765625
2022-02-02,173.39683532714844,150.6125030517578,148.0364990234375,307.25244140625
2022-02-03,170.49769592285156,138.8455047607422,142.65049743652344,295.2842712402344
2022-02-04,170.21136474609375,157.63949584960938,143.01600646972656,299.88140869140625
2022-02-07,169.49057006835938,157.9355010986328,138.93800354003906,294.990234375
2022-02-08,172.62054443359375,161.4134979248047,139.21299743652344,298.5287170410156
2022-02-09,174.0522003173828,161.1894989013672,141.4530029296875,305.04705810546875
2022-02-10,169.94476318359375,159.0034942626953,138.6024932861328,296.39190673828125
2022-02-11,166.5087432861328,153.2935028076172,134.1300048828125,289.197265625
2022-02-14,166.74574279785156,155.16700744628906,135.3000030517578,289.1580505371094
2022-02-15,170.6062774658203,156.510498046875,136.42550659179688,294.5197448730469
2022-02-16,170.36932373046875,158.10049438476562,137.4875030517578,294.1759948730469
2022-02-17,166.74574279785156,154.65249633789062,132.30850219726562,285.5618896484375
2022-02-18,165.18569946289062,152.60150146484375,130.46749877929688,282.8116149902344
2022-02-22,162.2433624267578,150.19749450683594,129.40249633789062,282.6053771972656
2022-02-23,158.04710388183594,144.82699584960938,127.58499908447266,275.28778076171875
2022-02-24,160.683349609375,151.35800170898438,132.67349243164062,289.35321044921875
2022-02-25,162.76666259765625,153.7884979248047,134.51950073242188,292.02490234375
2022-02-28,163.03323364257812,153.56300354003906,134.89100646972656,293.47857666015625
2022-03-01,161.1375274658203,151.14199829101562,134.16799926757812,289.7069091796875
2022-03-02,164.4550323486328,152.05250549316406,134.75149536132812,294.8537292480469
2022-03-03,164.1291961669922,147.89849853515625,134.30799865722656,290.65960693359375
2022-03-04,161.10789489746094,145.64100646972656,132.1219940185547,284.7073669433594
2022-03-07,157.2867889404297,137.4530029296875,126.4645004272461,273.9519958496094
2022-03-08,155.45030212402344,136.01449584960938,127.27850341796875,270.9464111328125
2022-03-09,160.8906707763672,139.2790069580078,133.86599731445312,283.3714904785156
2022-03-10,156.5166473388672,146.8175048828125,132.6820068359375,280.5132141113281
2022-03-11,152.77455139160156,145.52450561523438,130.47549438476562,275.0913391113281
2022-03-14,148.7164764404297,141.85299682617188,126.74099731445312,271.52587890625
2022-03-15,153.1300048828125,147.3665008544922,129.66050720214844,282.04547119140625
2022-03-16,157.5731201171875,153.10400390625,133.6905059814453,289.15679931640625
2022-03-17,158.59010314941406,157.23899841308594,134.60049438476562,289.9720153808594
2022-03-18,161.9076385498047,161.25050354003906,136.80149841308594,295.08941650390625
2022-03-21,163.2899627685547,161.4915008544922,136.47850036621094,293.8420104980469
2022-03-22,166.6864776611328,164.88900756835938,140.27749633789062,298.6548767089844
2022-03-23,168.0589141845703,163.4080047607422,138.5034942626953,294.1661376953125
2022-03-24,171.87013244628906,163.64950561523438,141.31199645996094,298.6942443847656
2022-03-25,172.5119171142578,164.77349853515625,141.52149963378906,298.2816467285156
2022-03-28,173.3808135986328,168.99049377441406,141.9499969482422,305.17681884765625
2022-03-29,176.6983642578125,169.31500244140625,143.25,309.8031311035156
2022-03-30,175.5233917236328,166.30099487304688,142.64450073242188,308.2806701660156
2022-03-31,172.40333557128906,162.99749755859375,139.64950561523438,302.8293762207031
2022-04-01,172.1071014404297,163.55999755859375,140.6999969482422,303.9196472167969
2022-04-04,176.1848907470703,168.34649658203125,143.6425018310547,309.3709716796875
2022-04-05,172.8476104736328,164.05499267578125,141.06300354003906,305.3537292480469
2022-04-06,169.65843200683594,158.75599670410156,137.17599487304688,294.1759948730469
2022-04-07,169.9645233154297,157.7845001220703,136.46499633789062,296.0126953125
2022-04-08,167.94041442871094,154.4604949951172,134.010498046875,291.69097900390625
2022-04-11,163.65525817871094,151.1219940185547,129.79649353027344,280.1891174316406
2022-04-12,165.5411376953125,150.78750610351562,128.37449645996094,277.04595947265625
2022-04-13,168.2465362548828,155.54100036621094,130.28599548339844,282.50714111328125
2022-04-14,163.20106506347656,151.7064971923828,127.25299835205078,274.8556213378906
2022-04-18,162.98387145996094,152.78500366210938,127.96099853515625,275.5333251953125
2022-04-19,165.28443908691406,158.11549377441406,130.531005859375,280.2284240722656
2022-04-20,165.11659240722656,153.9980010986328,128.24549865722656,281.2695617675781
2022-04-21,164.31680297851562,148.29600524902344,124.9375,275.8182067871094
2022-04-22,159.74533081054688,144.35000610351562,119.61399841308594,269.15869140625
2022-04-25,160.82156372070312,146.07400512695312,123.25,275.7298278808594
2022-04-26,154.81838989257812,139.39100646972656,119.50599670410156,265.4164733886719
2022-04-27,154.59130859375,138.16700744628906,115.02050018310547,278.1853942871094
2022-04-28,161.57196044921875,144.59649658203125,119.4114990234375,284.4814147949219
2022-04-29,155.6576385498047,124.28150177001953,114.96649932861328,272.5867004394531
2022-05-02,155.96372985839844,124.5,117.15699768066406,279.4131774902344
2022-05-03,157.4645538330078,124.25350189208984,118.12950134277344,276.7709655761719
2022-05-04,163.921875,125.92849731445312,122.57499694824219,284.8252258300781
2022-05-05,154.7887725830078,116.40699768066406,116.74649810791016,272.419677734375
2022-05-06,155.5205078125,114.77249908447266,115.66000366210938,269.8462829589844
2022-05-09,150.35888671875,108.78900146484375,113.08399963378906,259.876708984375
2022-05-10,152.78146362304688,108.85900115966797,114.58450317382812,264.7092590332031
2022-05-11,144.86109924316406,105.37200164794922,113.96099853515625,255.9183349609375
2022-05-12,140.96514892578125,106.93049621582031,113.16100311279297,250.810791015625
2022-05-13,145.46426391601562,113.05500030517578,116.5155029296875,256.4782409667969
2022-05-16,143.91180419921875,110.81050109863281,114.7925033569336,256.8514709472656
2022-05-17,147.57041931152344,115.36849975585938,116.70149993896484,262.0769348144531
2022-05-18,139.24462890625,107.11250305175781,112.4010009765625,250.14462280273438
2022-05-19,135.81346130371094,107.31900024414062,110.74549865722656,249.21917724609375
2022-05-20,136.05078125,107.59100341796875,109.31300354003906,248.6481475830078
2022-05-23,141.509033203125,107.55699920654297,111.66649627685547,256.61285400390625
2022-05-24,138.78977966308594,104.0999984741211,105.9260025024414,255.59881591796875
2022-05-25,138.947998046875,106.7750015258789,105.8395004272461,258.45391845703125
2022-05-26,142.17152404785156,111.07749938964844,108.2959976196289,261.78155517578125
2022-05-27,147.9659423828125,115.14649963378906,112.79900360107422,269.0079040527344
2022-05-31,147.17491149902344,120.20950317382812,114.03900146484375,267.6590270996094
2022-06-01,147.04637145996094,121.68399810791016,114.13700103759766,268.2005615234375
2022-06-02,149.51841735839844,125.51100158691406,117.74600219726562,270.32708740234375
2022-06-03,143.75363159179688,122.3499984741211,114.56400299072266,265.83770751953125
2022-06-06,144.50509643554688,124.79000091552734,117.010498046875,264.58740234375
2022-06-07,147.04637145996094,123.0,117.22949981689453,268.27935791015625
2022-06-08,146.3047637939453,121.18000030517578,117.23799896240234,266.2216796875
2022-06-09,141.0442657470703,116.1500015258789,114.91799926757812,260.688720703125
2022-06-10,135.59591674804688,109.6500015258789,111.42749786376953,249.07151794433594
2022-06-13,130.40464782714844,103.66999816894531,106.87650299072266,238.50770568847656
2022-06-14,131.2747802734375,102.30999755859375,107.19400024414062,240.7031707763672
2022-06-15,133.9149169921875,107.66999816894531,110.3905029296875,247.86053466796875
2022-06-16,128.60498046875,103.66000366210938,106.63600158691406,241.1757354736328
2022-06-17,130.08822631835938,106.22000122070312,107.8655014038086,243.81422424316406
2022-06-21,134.34999084472656,108.68000030517578,112.01499938964844,249.80990600585938
2022-06-22,133.83583068847656,108.94999694824219,112.03399658203125,249.20933532714844
2022-06-23,136.72314453125,112.44000244140625,112.68450164794922,254.85055541992188
2022-06-24,140.0752410888672,116.45999908447266,118.53800201416016,263.55364990234375
2022-06-27,140.0752410888672,113.22000122070312,116.62249755859375,260.7872314453125
2022-06-28,135.90243530273438,107.4000015258789,112.57150268554688,252.50746154785156
2022-06-29,137.67242431640625,108.91999816894531,112.25650024414062,256.2289123535156
2022-06-30,135.19049072265625,106.20999908447266,109.37249755859375,252.85202026367188
2022-07-01,137.37574768066406,109.55999755859375,109.08100128173828,255.55938720703125
2022-07-05,139.97634887695312,113.5,113.88700103759766,258.7788391113281
2022-07-06,141.32110595703125,114.33000183105469,115.2135009765625,262.08673095703125
2022-07-07,144.71275329589844,116.33000183105469,119.30599975585938,264.2428283691406
2022-07-08,145.39503479003906,115.54000091552734,120.16850280761719,263.5142822265625
2022-07-11,143.24932861328125,111.75,116.52249908447266,260.4130554199219
2022-07-12,144.22824096679688,109.22000122070312,114.84950256347656,249.740966796875
2022-07-13,143.86239624023438,110.4000015258789,112.18699645996094,248.80567932128906
2022-07-14,146.80905151367188,110.62999725341797,111.44000244140625,250.14462280273438
2022-07-15,148.49002075195312,113.55000305175781,112.76699829101562,252.7437286376953
2022-07-18,145.4247283935547,113.76000213623047,109.91000366210938,250.31201171875
2022-07-19,149.3107452392578,118.20999908447266,114.62000274658203,255.51023864746094
2022-07-20,151.32791137695312,122.7699966430664,114.69999694824219,258.207763671875
2022-07-21,153.612060546875,124.62999725341797,115.04000091552734,260.73797607421875
2022-07-22,152.36619567871094,122.41999816894531,108.36000061035156,256.327392578125
2022-07-25,151.23892211914062,121.13999938964844,108.20999908447266,254.82102966308594
2022-07-26,149.90403747558594,114.80999755859375,105.44000244140625,247.9984130859375
2022-07-27,155.03598022460938,120.97000122070312,113.5999984741211,264.57757568359375
2022-07-28,155.5897216796875,122.27999877929688,114.58999633789062,272.1287536621094
2022-07-29,160.6919708251953,134.9499969482422,116.63999938964844,276.3916931152344
2022-08-01,159.70315551757812,135.38999938964844,115.4800033569336,273.7039794921875
2022-08-02,158.2199249267578,134.16000366210938,115.9000015258789,270.5633850097656
2022-08-03,164.271484375,139.52000427246094,118.77999877929688,278.09490966796875
2022-08-04,163.955078125,142.57000732421875,118.87000274658203,279.2566223144531
2022-08-05,163.72732543945312,140.8000030517578,118.22000122070312,278.5280456542969
2022-08-08,163.2520294189453,139.41000366210938,118.13999938964844,275.9781799316406
2022-08-09,163.30154418945312,137.8300018310547,117.5,277.9275207519531
2022-08-10,167.5791473388672,142.69000244140625,120.6500015258789,284.6812744140625
2022-08-11,166.8365020751953,140.63999938964844,119.81999969482422,282.5744323730469
2022-08-12,170.4110870361328,143.5500030517578,122.6500015258789,287.3886413574219
2022-08-15,171.49038696289062,143.17999267578125,122.87999725341797,288.9245300292969
2022-08-16,171.33193969726562,144.77999877929688,122.51000213623047,288.1763000488281
2022-08-17,172.8370361328125,142.10000610351562,120.31999969482422,287.4165954589844
2022-08-18,172.44094848632812,142.3000030517578,120.86000061035156,286.281982421875
2022-08-19,169.83677673339844,138.22999572753906,118.12000274658203,282.31585693359375
2022-08-22,165.925537109375,133.22000122070312,115.06999969482422,274.0284423828125
2022-08-23,165.5888671875,133.6199951171875,114.7699966430664,272.7359924316406
2022-08-24,165.8859405517578,133.8000030517578,114.69999694824219,272.0947265625
2022-08-25,168.3613739013672,137.27999877929688,117.69999694824219,275.11370849609375
2022-08-26,162.0142822265625,130.75,111.30000305175781,264.49786376953125
2022-08-29,159.79629516601562,129.7899932861328,110.33999633789062,261.67620849609375
2022-08-30,157.35052490234375,128.72999572753906,109.91000366210938,259.44647216796875
2022-08-31,155.67709350585938,126.7699966430664,109.1500015258789,257.966552734375
2022-09-01,156.4098358154297,127.81999969482422,110.55000305175781,256.910888671875
2022-09-02,154.28094482421875,127.51000213623047,108.68000030517578,252.62905883789062
2022-09-06,153.01348876953125,126.11000061035156,107.4800033569336,249.85670471191406
2022-09-07,154.4294891357422,129.47999572753906,110.4800033569336,254.63186645507812
2022-09-08,152.94418334960938,129.82000732421875,109.41999816894531,255.0560760498047
2022-09-09,155.82562255859375,133.27000427246094,111.77999877929688,260.91644287109375
2022-09-12,161.82615661621094,136.4499969482422,111.87000274658203,263.0771789550781
2022-09-13,152.33026123046875,126.81999969482422,105.30999755859375,248.61358642578125
2022-09-14,153.7858428955078,128.5500030517578,105.87000274658203,248.8404998779297
2022-09-15,150.8746795654297,126.27999877929688,103.9000015258789,242.09214782714844
2022-09-16,149.2210693359375,123.52999877929688,103.62999725341797,241.46072387695312
2022-09-19,152.96397399902344,124.66000366210938,103.8499984741211,241.2436981201172
2022-09-20,155.3602294921875,122.19000244140625,101.83000183105469,239.20143127441406
2022-09-21,152.21144104003906,118.54000091552734,100.01000213623047,235.74830627441406
2022-09-22,151.2410430908203,117.30999755859375,100.56999969482422,237.75108337402344
2022-09-23,148.9537353515625,113.77999877929688,99.16999816894531,234.7321014404297
2022-09-26,149.29037475585938,115.1500015258789,98.80999755859375,234.26840209960938
2022-09-27,150.2706756591797,114.41000366210938,98.08999633789062,233.2423553466797
2022-09-28,148.3695068359375,118.01000213623047,100.73999786376953,237.8399200439453
2022-09-29,141.08175659179688,114.80000305175781,98.08999633789062,234.31773376464844
2022-09-30,136.84373474121094,113.0,96.1500015258789,229.77935791015625
2022-10-03,141.05203247070312,115.87999725341797,99.30000305175781,237.5143280029297
2022-10-04,144.66622924804688,121.08999633789062,102.41000366210938,245.54525756835938
2022-10-05,144.96327209472656,120.94999694824219,102.22000122070312,245.86099243164062
2022-10-06,144.0028076171875,120.30000305175781,102.23999786376953,243.48326110839844
2022-10-07,138.7152099609375,114.55999755859375,99.56999969482422,231.10142517089844
2022-10-10,139.04196166992188,113.66999816894531,98.70999908447266,226.17828369140625
2022-10-11,137.61610412597656,112.20999908447266,98.05000305175781,222.38973999023438
2022-10-12,136.9823760986328,112.9000015258789,98.30000305175781,222.7251739501953
2022-10-13,141.58677673339844,112.52999877929688,99.70999908447266,231.10142517089844
2022-10-14,137.02197265625,106.9000015258789,97.18000030517578,225.49752807617188
2022-10-17,141.01246643066406,113.79000091552734,100.77999877929688,234.34732055664062
2022-10-18,142.33929443359375,116.36000061035156,101.38999938964844,235.30433654785156
2022-10-19,142.44821166992188,115.06999969482422,100.29000091552734,233.3114013671875
2022-10-20,141.98284912109375,115.25,100.52999877929688,232.98580932617188
2022-10-21,145.82473754882812,119.31999969482422,101.4800033569336,238.87582397460938
2022-10-24,147.9833526611328,119.81999969482422,102.97000122070312,243.93711853027344
2022-10-25,150.84498596191406,120.5999984741211,104.93000030517578,247.30140686035156
2022-10-26,147.8843231201172,115.66000366210938,94.81999969482422,228.22055053710938
2022-10-27,143.37899780273438,110.95999908447266,92.5999984741211,223.71177673339844
2022-10-28,154.21163940429688,103.41000366210938,96.58000183105469,232.70956420898438
2022-10-31,151.83517456054688,102.44000244140625,94.66000366210938,229.01971435546875
2022-11-01,149.1715545654297,96.79000091552734,90.5,225.11273193359375
2022-11-02,143.6067352294922,92.12000274658203,87.06999969482422,217.15087890625
2022-11-03,137.51708984375,89.30000305175781,83.48999786376953,211.37925720214844
2022-11-04,137.24928283691406,90.9800033569336,86.69999694824219,218.42359924316406
2022-11-07,137.78488159179688,90.52999877929688,88.6500015258789,224.8167724609375
2022-11-08,138.3601531982422,89.9800033569336,88.91000366210938,225.80335998535156
2022-11-09,133.76797485351562,86.13999938964844,87.4000015258789,221.5017852783203
2022-11-10,145.66990661621094,96.62999725341797,94.16999816894531,239.72430419921875
2022-11-11,148.4767608642578,100.79000091552734,96.7300033569336,243.79896545410156
2022-11-14,147.06837463378906,98.48999786376953,96.02999877929688,238.3134765625
2022-11-15,148.81399536132812,98.94000244140625,98.72000122070312,238.7278594970703
2022-11-16,147.57420349121094,97.12000274658203,98.98999786376953,239.1631622314453
2022-11-17,149.48846435546875,94.8499984741211,98.5,239.1136932373047
2022-11-18,150.05381774902344,94.13999938964844,97.80000305175781,238.6585693359375
2022-11-21,146.80059814453125,92.45999908447266,95.83000183105469,239.4797821044922
2022-11-22,148.95286560058594,93.19999694824219,97.33000183105469,242.42813110351562
2022-11-23,149.8356170654297,94.12999725341797,98.81999969482422,244.9510498046875
2022-11-25,146.8997802734375,93.41000366210938,97.5999984741211,244.8620147705078
2022-11-28,143.04156494140625,93.94999694824219,96.25,239.19285583496094
2022-11-29,140.01649475097656,92.41999816894531,95.44000244140625,237.77804565429688
2022-11-30,146.8204345703125,96.54000091552734,101.44999694824219,252.43077087402344
2022-12-01,147.09815979003906,95.5,101.27999877929688,251.98553466796875
2022-12-02,146.60223388671875,94.12999725341797,100.83000183105469,252.31207275390625
2022-12-05,145.431884765625,91.01000213623047,99.87000274658203,247.54322814941406
2022-12-06,141.74227905273438,88.25,97.30999755859375,242.51715087890625
2022-12-07,139.7883758544922,88.45999908447266,95.1500015258789,241.77513122558594
2022-12-08,141.48439025878906,90.3499984741211,93.94999694824219,244.77296447753906
2022-12-09,140.9984130859375,89.08999633789062,93.06999969482422,242.81398010253906
2022-12-12,143.3093719482422,90.55000305175781,93.55999755859375,249.8286895751953
2022-12-13,144.28135681152344,92.48999786376953,95.8499984741211,254.19187927246094
2022-12-14,142.0398406982422,91.58000183105469,95.30999755859375,254.48870849609375
2022-12-15,135.38462829589844,88.44999694824219,91.19999694824219,246.36585998535156
2022-12-16,133.41090393066406,87.86000061035156,90.86000061035156,242.09173583984375
2022-12-19,131.28839111328125,84.91999816894531,89.1500015258789,237.8967742919922
2022-12-20,131.218994140625,85.19000244140625,89.62999725341797,239.23243713378906
2022-12-21,134.3432159423828,86.7699966430664,90.25,241.83447265625
2022-12-22,131.1495361328125,83.79000091552734,88.26000213623047,235.66075134277344
2022-12-23,130.78257751464844,85.25,89.80999755859375,236.19500732421875
2022-12-27,128.967529296875,83.04000091552734,87.93000030517578,234.44381713867188
2022-12-28,125.01012420654297,81.81999969482422,86.45999908447266,232.0396270751953
2022-12-29,128.5509490966797,84.18000030517578,88.94999694824219,238.45082092285156
2022-12-30,128.86834716796875,84.0,88.7300033569336,237.27345275878906
2023-01-03,124.04804229736328,85.81999969482422,89.69999694824219,237.0360107421875
2023-01-04,125.3275146484375,85.13999938964844,88.70999908447266,226.66729736328125
2023-01-05,123.99845123291016,83.12000274658203,86.7699966430664,219.94940185546875
2023-01-06,128.5608673095703,86.08000183105469,88.16000366210938,222.54156494140625
2023-01-09,129.08653259277344,87.36000061035156,88.80000305175781,224.70828247070312
2023-01-10,129.66180419921875,89.87000274658203,89.23999786376953,226.41993713378906
2023-01-11,132.39926147460938,95.08999633789062,92.26000213623047,233.26646423339844
2023-01-12,132.31991577148438,95.2699966430664,91.91000366210938,235.97735595703125
2023-01-13,133.65887451171875,98.12000274658203,92.80000305175781,236.68971252441406
2023-01-17,134.82923889160156,96.05000305175781,92.16000366210938,237.79783630371094
2023-01-18,134.10520935058594,95.45999908447266,91.77999877929688,233.30601501464844
2023-01-19,134.16470336914062,93.68000030517578,93.91000366210938,229.4672088623047
2023-01-20,136.7434539794922,97.25,99.27999877929688,237.669189453125
2023-01-23,139.95700073242188,97.5199966430664,101.20999908447266,240.00413513183594
2023-01-24,141.36537170410156,96.31999969482422,99.20999908447266,239.46987915039062
2023-01-25,140.7008514404297,97.18000030517578,96.7300033569336,238.05506896972656
2023-01-26,142.78372192382812,99.22000122070312,99.16000366210938,245.36659240722656
2023-01-27,144.7375946044922,102.23999786376953,100.70999908447266,245.52490234375
2023-01-30,141.83152770996094,100.55000305175781,97.94999694824219,240.1327667236328
2023-01-31,143.11099243164062,103.12999725341797,99.87000274658203,245.17860412597656
2023-02-01,144.24168395996094,105.1500015258789,101.43000030517578,250.06614685058594
2023-02-02,149.58766174316406,112.91000366210938,108.80000305175781,261.79034423828125
2023-02-03,153.23756408691406,103.38999938964844,105.22000122070312,255.606689453125
2023-02-06,150.49020385742188,102.18000030517578,103.47000122070312,254.04347229003906
2023-02-07,153.38633728027344,102.11000061035156,108.04000091552734,264.7189025878906
2023-02-08,150.67864990234375,100.05000305175781,100.0,263.897705078125
2023-02-09,149.63722229003906,98.23999786376953,95.45999908447266,260.8207092285156
2023-02-10,150.00479125976562,97.61000061035156,94.86000061035156,260.30621337890625
2023-02-13,152.8258819580078,99.54000091552734,95.0,268.43896484375
2023-02-14,152.18020629882812,99.69999694824219,94.94999694824219,269.27996826171875
2023-02-15,154.29603576660156,101.16000366210938,97.0999984741211,267.12762451171875
2023-02-16,152.68679809570312,98.1500015258789,95.77999877929688,260.0159606933594
2023-02-17,151.53451538085938,97.19999694824219,94.58999633789062,255.95925903320312
2023-02-21,147.4916229248047,94.58000183105469,92.05000305175781,250.61314392089844
2023-02-22,147.9187469482422,95.79000091552734,91.80000305175781,249.46258544921875
2023-02-23,148.40548706054688,95.81999969482422,91.06999969482422,252.696044921875
2023-02-24,145.73341369628906,93.5,89.3499984741211,247.1912384033203
2023-02-27,146.9353485107422,93.76000213623047,90.0999984741211,248.1235809326172
2023-02-28,146.4287567138672,94.2300033569336,90.30000305175781,247.38958740234375
2023-03-01,144.34271240234375,92.16999816894531,90.51000213623047,244.26524353027344
2023-03-02,144.93873596191406,92.12999725341797,92.30999755859375,249.0658416748047
2023-03-03,150.02464294433594,94.9000015258789,94.0199966430664,253.21180725097656
2023-03-06,152.80601501464844,93.75,95.58000183105469,254.77896118164062
2023-03-07,150.5908660888672,93.55000305175781,94.16999816894531,252.0811004638672
2023-03-08,151.85238647460938,93.91999816894531,94.6500015258789,251.63475036621094
2023-03-09,149.5875701904297,92.25,92.66000366210938,250.26600646972656
2023-03-10,147.51148986816406,90.7300033569336,91.01000213623047,246.56634521484375
2023-03-13,149.46836853027344,92.43000030517578,91.66000366210938,251.8529510498047
2023-03-14,151.5742645263672,94.87999725341797,94.25,258.66705322265625
2023-03-15,151.9716033935547,96.19999694824219,96.55000305175781,263.2791748046875
2023-03-16,154.8125762939453,100.04000091552734,101.06999969482422,273.9516296386719
2023-03-17,153.9682159423828,98.94999694824219,102.45999908447266,277.1553039550781
2023-03-20,156.35223388671875,97.70999908447266,101.93000030517578,270.0138854980469
2023-03-21,158.2197265625,100.61000061035156,105.83999633789062,271.5513000488281
2023-03-22,156.77938842773438,98.69999694824219,104.22000122070312,270.07342529296875
2023-03-23,157.8720703125,98.70999908447266,106.26000213623047,275.39971923828125
2023-03-24,159.1832733154297,98.12999725341797,106.05999755859375,278.2860412597656
2023-03-27,157.2263946533203,98.04000091552734,103.05999755859375,274.1301574707031
2023-03-28,156.60055541992188,97.23999786376953,101.36000061035156,272.9895324707031
2023-03-29,159.69981384277344,100.25,101.9000015258789,278.2265319824219
2023-03-30,161.2792205810547,102.0,101.31999969482422,281.7377014160156
2023-03-31,163.80230712890625,103.29000091552734,104.0,285.95306396484375
2023-04-03,165.0638427734375,102.41000366210938,104.91000366210938,284.891845703125
2023-04-04,164.5274658203125,103.94999694824219,105.12000274658203,284.8421936035156
2023-04-05,162.66990661621094,101.0999984741211,104.94999694824219,282.0252990722656
2023-04-06,163.56390380859375,102.05999755859375,108.9000015258789,289.22625732421875
2023-04-10,160.95143127441406,102.16999816894531,106.94999694824219,287.03424072265625
2023-04-11,159.7296142578125,99.91999816894531,106.12000274658203,280.5276184082031
2023-04-12,159.03428649902344,97.83000183105469,105.22000122070312,281.1822509765625
2023-04-13,164.45791625976562,102.4000015258789,108.19000244140625,287.4805603027344
2023-04-14,164.11026000976562,102.51000213623047,109.45999908447266,283.8106689453125
2023-04-17,164.13011169433594,102.73999786376953,106.41999816894531,286.4490051269531
2023-04-18,165.3618621826172,102.30000305175781,105.12000274658203,286.02252197265625
2023-04-19,166.51414489746094,104.30000305175781,105.0199966430664,286.10186767578125
2023-04-20,165.54066467285156,103.80999755859375,105.9000015258789,283.7808837890625
2023-04-21,163.92152404785156,106.95999908447266,105.91000366210938,283.43377685546875
2023-04-24,164.2294464111328,106.20999908447266,106.77999877929688,279.47625732421875
2023-04-25,162.6798553466797,102.56999969482422,104.61000061035156,273.1779479980469
2023-04-26,162.66990661621094,104.9800033569336,104.44999694824219,292.96551513671875
2023-04-27,167.2889404296875,109.81999969482422,108.37000274658203,302.3485107421875
2023-04-28,168.55050659179688,105.44999694824219,108.22000122070312,304.7587585449219
2023-05-01,168.46109008789062,102.05000305175781,107.70999908447266,303.0726013183594
2023-05-02,167.41807556152344,103.62999725341797,105.9800033569336,302.923828125
2023-05-03,166.33534240722656,103.6500015258789,106.12000274658203,301.9220275878906
2023-05-04,164.68638610839844,104.0,105.20999908447266,302.923828125
2023-05-05,172.41461181640625,105.66000366210938,106.21499633789062,308.1211853027344
2023-05-08,172.3450469970703,105.83000183105469,108.23999786376953,306.1374206542969
2023-05-09,170.6265869140625,106.62000274658203,107.94000244140625,304.5008544921875
2023-05-10,172.4046630859375,110.19000244140625,112.27999877929688,309.76763916015625
2023-05-11,172.59339904785156,112.18000030517578,116.9000015258789,307.5855407714844
2023-05-12,171.6583709716797,110.26000213623047,117.91999816894531,306.454833984375
2023-05-15,171.16099548339844,111.19999694824219,116.95999908447266,306.94085693359375
2023-05-16,171.16099548339844,113.4000015258789,120.08999633789062,309.2023010253906
2023-05-17,171.77774047851562,115.5,121.4800033569336,312.1247253417969
2023-05-18,174.12527465820312,118.1500015258789,123.5199966430664,316.61773681640625
2023-05-19,174.23468017578125,116.25,123.25,316.43878173828125
2023-05-22,173.2797393798828,115.01000213623047,125.87000274658203,319.2618408203125
2023-05-23,170.65370178222656,114.98999786376953,123.29000091552734,313.377197265625
2023-05-24,170.93222045898438,116.75,121.63999938964844,311.9756164550781
2023-05-25,172.07615661621094,115.0,124.3499984741211,323.9735107421875
2023-05-26,174.5032501220703,120.11000061035156,125.43000030517578,330.9019470214844
2023-05-30,176.36337280273438,121.66000366210938,124.63999938964844,329.23193359375
2023-05-31,176.31365966796875,120.58000183105469,123.37000274658203,326.4288024902344
2023-06-01,179.13861083984375,122.7699966430664,124.37000274658203,330.5937194824219
2023-06-02,179.9940948486328,124.25,125.2300033569336,333.39691162109375
2023-06-05,178.63133239746094,125.30000305175781,126.62999725341797,333.9337158203125
2023-06-06,178.2633056640625,126.61000061035156,127.91000366210938,331.6871643066406
2023-06-07,176.88063049316406,121.2300033569336,122.94000244140625,321.4486999511719
2023-06-08,179.61610412597656,124.25,122.66999816894531,323.3174743652344
2023-06-09,180.00405883789062,123.43000030517578,122.87000274658203,324.8383483886719
2023-06-12,182.819091796875,126.56999969482422,124.3499984741211,329.8681335449219
2023-06-13,182.34161376953125,126.66000366210938,124.43000030517578,332.2935485839844
2023-06-14,182.97824096679688,126.41999816894531,124.37999725341797,335.3253479003906
2023-06-15,185.02737426757812,127.11000061035156,125.79000091552734,346.02105712890625
2023-06-16,183.94314575195312,125.48999786376953,124.05999755859375,340.2855224609375
2023-06-20,184.03265380859375,125.77999877929688,123.8499984741211,336.0310974121094
2023-06-21,182.98818969726562,124.83000183105469,121.26000213623047,331.56787109375
2023-06-22,186.0121307373047,130.14999389648438,123.87000274658203,337.6811828613281
2023-06-23,185.69381713867188,129.3300018310547,123.0199966430664,333.0191650390625
2023-06-26,184.29127502441406,127.33000183105469,119.08999633789062,326.6375427246094
2023-06-27,187.0665283203125,129.17999267578125,119.01000213623047,332.5718688964844
2023-06-28,188.250244140625,129.0399932861328,121.08000183105469,333.84423828125
2023-06-29,188.58843994140625,127.9000015258789,120.01000213623047,333.0489807128906
2023-06-30,192.9453125,130.36000061035156,120.97000122070312,338.5062255859375
2023-07-03,191.4432830810547,130.22000122070312,120.55999755859375,335.971435546875
2023-07-05,190.31927490234375,130.3800048828125,122.62999725341797,336.1304931640625
2023-07-06,190.7967071533203,128.36000061035156,120.93000030517578,339.23187255859375
2023-07-07,189.6726837158203,129.77999877929688,120.13999938964844,335.2060546875
2023-07-10,187.61363220214844,127.12999725341797,116.87000274658203,329.84820556640625
2023-07-11,187.08642578125,128.77999877929688,117.70999908447266,330.48443603515625
2023-07-12,188.7675018310547,130.8000030517578,119.62000274658203,335.1861572265625
2023-07-13,189.53343200683594,134.3000030517578,124.83000183105469,340.6135559082031
2023-07-14,189.6826629638672,134.67999267578125,125.69999694824219,343.17816162109375
2023-07-17,192.96522521972656,133.55999755859375,125.05999755859375,343.66522216796875
2023-07-18,192.7065887451172,132.8300018310547,124.08000183105469,357.343017578125
2023-07-19,194.06935119628906,135.36000061035156,122.77999877929688,352.9593811035156
2023-07-20,192.10977172851562,129.9600067138672,119.52999877929688,344.7984313964844
2023-07-21,190.92605590820312,130.0,120.30999755859375,341.7169189453125
2023-07-24,191.73175048828125,128.8000030517578,121.87999725341797,343.0489196777344
2023-07-25,192.59715270996094,129.1300048828125,122.79000091552734,348.8838806152344
2023-07-26,193.47251892089844,128.14999389648438,129.66000366210938,335.7527770996094
2023-07-27,192.19927978515625,128.25,129.8699951171875,328.7448425292969
2023-07-28,194.7954864501953,132.2100067138672,133.00999450683594,336.34918212890625
2023-07-31,195.41220092773438,133.67999267578125,133.11000061035156,333.913818359375
2023-08-01,194.57664489746094,131.69000244140625,131.88999938964844,334.331298828125
2023-08-02,191.56265258789062,128.2100067138672,128.63999938964844,325.5440979003906
2023-08-03,190.1601104736328,128.91000366210938,128.77000427246094,324.7091064453125
2023-08-04,181.0286102294922,139.57000732421875,128.5399932861328,325.8224182128906
2023-08-07,177.9051971435547,142.22000122070312,131.94000244140625,328.13848876953125
2023-08-08,178.85015869140625,139.94000244140625,131.83999633789062,324.1027526855469
2023-08-09,177.24867248535156,137.85000610351562,130.14999389648438,320.30560302734375
2023-08-10,177.02984619140625,138.55999755859375,130.2100067138672,321.0013732910156
2023-08-11,177.08961486816406,138.41000366210938,130.1699981689453,319.0928649902344
2023-08-14,178.75303649902344,140.57000732421875,131.8300018310547,322.10479736328125
2023-08-15,176.75094604492188,137.6699981689453,130.27000427246094,319.937744140625
2023-08-16,175.87442016601562,135.07000732421875,129.11000061035156,319.1607971191406
2023-08-17,173.3145294189453,133.97999572753906,130.4600067138672,315.6544494628906
2023-08-18,173.80262756347656,133.22000122070312,128.11000061035156,315.2559814453125
2023-08-21,175.14727783203125,134.67999267578125,128.92999267578125,320.6351013183594
2023-08-22,176.53179931640625,134.25,129.69000244140625,321.21282958984375
2023-08-23,180.40647888183594,135.52000427246094,133.2100067138672,325.73529052734375
2023-08-24,175.68516540527344,131.83999633789062,130.4199981689453,318.73248291015625
2023-08-25,177.9063720703125,133.25999450683594,130.69000244140625,321.7308349609375
2023-08-28,179.48016357421875,133.13999938964844,131.7899932861328,322.44805908203125
2023-08-29,183.3946533203125,134.91000366210938,135.49000549316406,327.13983154296875
2023-08-30,186.91075134277344,135.07000732421875,136.92999267578125,327.51837158203125
2023-08-31,187.12989807128906,138.00999450683594,137.35000610351562,326.49237060546875
2023-09-01,188.71365356445312,138.1199951171875,136.8000030517578,327.38885498046875
2023-09-05,188.9526824951172,137.27000427246094,136.7100067138672,332.2599182128906
2023-09-06,182.18943786621094,135.36000061035156,135.3699951171875,331.5925598144531
2023-09-07,176.86050415039062,137.85000610351562,136.1999969482422,328.634033203125
2023-09-08,177.47805786132812,138.22999572753906,137.1999969482422,332.9771423339844
2023-09-11,178.65341186523438,143.10000610351562,137.74000549316406,336.6329650878906
2023-09-12,175.60548400878906,141.22999572753906,136.07000732421875,330.48681640625
2023-09-13,173.52371215820312,144.85000610351562,137.5,334.76025390625
2023-09-14,175.0476837158203,144.72000122070312,138.99000549316406,337.3900146484375
2023-09-15,174.32054138183594,140.38999938964844,138.3000030517578,328.94281005859375
2023-09-18,177.26890563964844,139.97999572753906,138.9600067138672,327.78729248046875
2023-09-19,178.36456298828125,137.6300048828125,138.8300018310547,327.3788757324219
2023-09-20,174.79867553710938,135.2899932861328,134.58999633789062,319.5293884277344
2023-09-21,173.2447967529297,129.3300018310547,131.36000061035156,318.294189453125
2023-09-22,174.10142517089844,129.1199951171875,131.25,315.783935546875
2023-09-25,175.38633728027344,131.27000427246094,132.1699981689453,316.3118896484375
2023-09-26,171.28257751464844,125.9800033569336,129.4499969482422,310.9327697753906
2023-09-27,169.7585906982422,125.9800033569336,131.4600067138672,311.5802307128906
2023-09-28,170.017578125,125.9800033569336,133.1300048828125,312.4269714355469
2023-09-29,170.53553771972656,127.12000274658203,131.85000610351562,314.52880859375
2023-10-02,173.0655059814453,129.4600067138672,135.1699981689453,320.5553894042969
2023-10-03,171.72084045410156,124.72000122070312,133.3000030517578,312.17791748046875
2023-10-04,172.9758758544922,127.0,136.27000427246094,317.72637939453125
2023-10-05,174.22096252441406,125.95999908447266,135.99000549316406,318.12481689453125
2023-10-06,176.79078674316406,127.95999908447266,138.72999572753906,325.9942932128906
2023-10-09,178.28488159179688,128.25999450683594,139.5,328.54437255859375
2023-10-10,177.68724060058594,129.47999572753906,139.1999969482422,327.11993408203125
2023-10-11,179.0916748046875,131.8300018310547,141.6999969482422,331.13433837890625
2023-10-12,179.9980926513672,132.3300018310547,140.2899932861328,329.87921142578125
2023-10-13,178.1454315185547,129.7899932861328,138.5800018310547,326.4624938964844
2023-10-16,178.01593017578125,132.5500030517578,140.49000549316406,331.3534851074219
2023-10-17,176.45211791992188,131.47000122070312,140.99000549316406,330.77569580078125
2023-10-18,175.14727783203125,128.1300048828125,139.27999877929688,328.833251953125
2023-10-19,174.76878356933594,128.39999389648438,138.97999572753906,330.03857421875
2023-10-20,172.19895935058594,125.16999816894531,136.74000549316406,325.4065856933594
2023-10-23,172.3184814453125,126.55999755859375,137.89999389648438,328.04632568359375
2023-10-24,172.75674438476562,128.55999755859375,140.1199951171875,329.25164794921875
2023-10-25,170.4259796142578,121.38999938964844,126.66999816894531,339.3524475097656
2023-10-26,166.2325439453125,119.56999969482422,123.44000244140625,326.6218566894531
2023-10-27,167.55731201171875,127.73999786376953,123.4000015258789,328.534423828125
2023-10-30,169.61912536621094,132.7100067138672,125.75,336.0054016113281
2023-10-31,170.09725952148438,133.08999633789062,125.30000305175781,336.80230712890625
2023-11-01,173.28465270996094,137.0,127.56999969482422,344.7315368652344
2023-11-02,176.87046813964844,138.07000732421875,128.5800018310547,346.97283935546875
2023-11-03,175.9541015625,138.60000610351562,130.3699951171875,351.43548583984375
2023-11-06,178.52394104003906,139.74000549316406,131.4499969482422,355.15106201171875
2023-11-07,181.10374450683594,142.7100067138672,132.39999389648438,359.1356201171875
2023-11-08,182.1695098876953,142.0800018310547,133.25999450683594,361.7952880859375
2023-11-09,181.69142150878906,140.60000610351562,131.69000244140625,359.29498291015625
2023-11-10,185.9102783203125,143.55999755859375,134.05999755859375,368.2402648925781
2023-11-13,184.31448364257812,142.58999633789062,133.63999938964844,365.2618103027344
2023-11-14,186.9475555419922,145.8000030517578,135.42999267578125,368.8379211425781
2023-11-15,187.51605224609375,143.1999969482422,136.3800048828125,368.9876708984375
2023-11-16,189.21160888671875,142.8300018310547,138.6999969482422,375.4756774902344
2023-11-17,189.191650390625,145.17999267578125,136.94000244140625,369.1673278808594
2023-11-20,190.947021484375,146.1300048828125,137.9199981689453,376.7433166503906
2023-11-21,190.13914489746094,143.89999389648438,138.6199951171875,372.3813781738281
2023-11-22,190.80740356445312,146.7100067138672,140.02000427246094,377.1525573730469
2023-11-24,189.4709014892578,146.74000549316406,138.22000122070312,376.7333068847656
2023-11-27,189.29136657714844,147.72999572753906,138.0500030517578,377.9111328125
2023-11-28,189.89976501464844,147.02999877929688,138.6199951171875,381.9936218261719
2023-11-29,188.8724822998047,146.32000732421875,136.39999389648438,378.15069580078125
2023-11-30,189.45095825195312,146.08999633789062,133.9199981689453,378.2106018066406
2023-12-01,190.73757934570312,147.02999877929688,133.32000732421875,373.8187255859375
2023-12-04,188.93231201171875,144.83999633789062,130.6300048828125,368.4586486816406
2023-12-05,192.91184997558594,146.8800048828125,132.38999938964844,371.8323669433594
2023-12-06,191.8147430419922,144.52000427246094,131.42999267578125,368.1192321777344
2023-12-07,193.75962829589844,146.8800048828125,138.4499969482422,370.2652893066406
2023-12-08,195.1958465576172,147.4199981689453,136.63999938964844,373.53924560546875
2023-12-11,192.6724853515625,145.88999938964844,134.6999969482422,370.6146240234375
2023-12-12,194.19847106933594,147.47999572753906,133.63999938964844,373.68896484375
2023-12-13,197.43992614746094,148.83999633789062,133.97000122070312,373.678955078125
2023-12-14,197.5895233154297,147.4199981689453,133.1999969482422,365.2545471191406
2023-12-15,197.0509490966797,149.97000122070312,133.83999633789062,370.04571533203125
2023-12-18,195.3753662109375,154.07000732421875,137.19000244140625,371.9621276855469
2023-12-19,196.422607421875,153.7899932861328,138.10000610351562,372.571044921875
2023-12-20,194.31814575195312,152.1199951171875,139.66000366210938,369.9358825683594
2023-12-21,194.16851806640625,153.83999633789062,141.8000030517578,372.85052490234375
2023-12-22,193.0913848876953,153.4199981689453,142.72000122070312,373.8885803222656
2023-12-26,192.54281616210938,153.41000366210938,142.82000732421875,373.96844482421875
2023-12-27,192.64254760742188,153.33999633789062,141.44000244140625,373.3795471191406
2023-12-28,193.07142639160156,153.3800048828125,141.27999877929688,374.5872802734375
2023-12-29,192.02418518066406,151.94000244140625,140.92999267578125,375.34588623046875
